market_rate <- c(17.73, 4.64, 3.96, 8.12, 6.78, 9.69, 12.37, 15.88, -1.34, 18.09,
                 17.17, 6.78, 4.74, 23.02, 7.68, 14.32, -1.63, 16.51, 17.53, 12.69,
                 4.66, 3.67, 10.49, 10.00, 21.90, 5.86, 10.81, 5.71, 13.38, 13.43,
                 10, 16.66, 9.4, 0.24, 4.37, 3.11, 6.63, 14.73, 6.15, 6.96, 6.3,
                 0.68, 12.22, 0.9, 2.35, 6.03, 6.13, 6.58, 14.26, 2.6, 4.97, 6.65,
                 4.25, 7.3)
accounting_rate <- c(17.96, 8.11, 12.46, 14.7, 11.9, 9.67, 13.35, 16.11, 6.78, 9.41, 8.96,
                14.17, 9.12, 14.23, 10.43, 19.74, 6.42, 12.16, 23.19, 19.2, 10.76, 8.49,
                17.7, 9.1, 17.47, 18.45, 10.06, 13.3, 17.66, 14.59, 20.94, 9.62, 16.32,
                8.19, 15.74, 12.02, 11.44, 32.58, 11.89, 10.06, 9.6, 7.41, 19.88, 6.97,
                7.9, 9.34, 15.4, 11.95, 9.56, 10.05, 12.11, 11.53, 9.92, 12.27)
r <- cor(accounting_rate, market_rate, method = "pearson")
t <- r * sqrt(54 - 2) / sqrt(1 - r^2)
model = lm(market_rate ~ accounting_rate)
new <- data.frame(accounting_rate = 54)
predict(model, new, se.fit = TRUE, interval = "confidence", level = 0.95)
summary(model)
